{
 "cells": [
  {
   "cell_type": "code",
   "execution_count": 1,
   "metadata": {
    "collapsed": true
   },
   "outputs": [],
   "source": [
    "import numpy as np\n",
    "import matplotlib.pyplot as plt\n",
    "from sklearn.utils import shuffle"
   ]
  },
  {
   "cell_type": "markdown",
   "metadata": {},
   "source": [
    "# 5. Multi-class classification"
   ]
  },
  {
   "cell_type": "markdown",
   "metadata": {},
   "source": [
    "## Softmax function\n",
    "\n",
    "$$\n",
    "softmax(\\boldsymbol{x})_i = \\frac{\\exp(x_i)}{\\sum_{j=1}^{n} \\exp(x_j)} (i = 1, 2, \\ldots, n)\n",
    "$$"
   ]
  },
  {
   "cell_type": "code",
   "execution_count": 33,
   "metadata": {
    "collapsed": true
   },
   "outputs": [],
   "source": [
    "def softmax_vec(X):\n",
    "    exp = np.exp(X)\n",
    "    return exp / np.sum(exp, axis=1).reshape(X.shape[0], 1)"
   ]
  },
  {
   "cell_type": "code",
   "execution_count": 39,
   "metadata": {},
   "outputs": [
    {
     "name": "stdout",
     "output_type": "stream",
     "text": [
      "[[   2.71828183    7.3890561     1.        ]\n",
      " [   1.34985881  148.4131591     7.3890561 ]]\n",
      "[  11.10733793  157.15207401]\n"
     ]
    },
    {
     "data": {
      "text/plain": [
       "array([ 1.,  1.])"
      ]
     },
     "execution_count": 39,
     "metadata": {},
     "output_type": "execute_result"
    }
   ],
   "source": [
    "np.sum(softmax_vec(data), axis=1)"
   ]
  },
  {
   "cell_type": "markdown",
   "metadata": {},
   "source": [
    "## Generating Data"
   ]
  },
  {
   "cell_type": "code",
   "execution_count": 15,
   "metadata": {
    "collapsed": true
   },
   "outputs": [],
   "source": [
    "pointsA = np.random.randn(50, 2) + np.array([2, 2])\n",
    "labelsA = np.array([[1, 0, 0] for _ in range(50)])"
   ]
  },
  {
   "cell_type": "code",
   "execution_count": 16,
   "metadata": {
    "collapsed": true
   },
   "outputs": [],
   "source": [
    "# print(pointsA)\n",
    "# print(labelsA)"
   ]
  },
  {
   "cell_type": "code",
   "execution_count": 25,
   "metadata": {
    "collapsed": true
   },
   "outputs": [],
   "source": [
    "pointsB = np.random.randn(50, 2) + np.array([-4, 2])\n",
    "labelsB = np.array([[0, 1, 0] for _ in range(50)])\n",
    "pointsC = np.random.randn(50, 2) + np.array([0, -4])\n",
    "labelsC = np.array([[0, 0, 1] for _ in range(50)])"
   ]
  },
  {
   "cell_type": "code",
   "execution_count": 26,
   "metadata": {
    "collapsed": true
   },
   "outputs": [],
   "source": [
    "points = np.vstack([pointsA, pointsB, pointsC])\n",
    "labels = np.vstack([labelsA, labelsB, labelsC])"
   ]
  },
  {
   "cell_type": "code",
   "execution_count": 27,
   "metadata": {
    "collapsed": true
   },
   "outputs": [],
   "source": [
    "#print(points)\n",
    "# print(labels)"
   ]
  },
  {
   "cell_type": "code",
   "execution_count": 28,
   "metadata": {},
   "outputs": [
    {
     "data": {
      "image/png": "iVBORw0KGgoAAAANSUhEUgAAAXYAAAD8CAYAAABjAo9vAAAABHNCSVQICAgIfAhkiAAAAAlwSFlz\nAAALEgAACxIB0t1+/AAAH5pJREFUeJzt3X+MldWZB/DvwzDAgHVGIxtxgEW2FeMPGtypmhrcKg1q\nR4V0G/ojNm2aLKnbH9i1WEajnTXZQEu3FtMmG9I1a6KJEmuxdtaAWrdaG235YalUaQ1tlRHjNHWg\nwQEG5tk/7ly8c+f9cd77nvfHOe/3kzTIvXfe99yxPvfc5zznOaKqICIif0wpegBERGQXAzsRkWcY\n2ImIPMPATkTkGQZ2IiLPMLATEXmGgZ2IyDMM7EREnmFgJyLyzNQibnrWWWfpggULirg1EZGzdu7c\n+RdVnR33ukIC+4IFC7Bjx44ibk1E5CwR+bPJ66ylYkSkTUR2i8hPbV2TiIiSs5ljXwPgFYvXIyKi\nFlgJ7CIyF0AvgB/auB4REbXO1oz9ewBuAzBm6XpERNSi1IFdRK4H8Laq7ox53WoR2SEiO4aGhtLe\nloiIQtioirkCwI0i8jEAMwCcLiIPqOpNjS9S1c0ANgNAT08PT/cgImds3T2Ijdv24c3hEZzT1YG1\n1yzCyiXdRQ8rVOrArqp9APoAQEQ+AuDrzUGdyIo9W4Cn7wYOHQA65wLL7gIWryp6VOSBqMC9dfcg\n+h79LUZGTwIABodH0PfobwGgtMGdO0+pFjDvuQjo76r9uWdL0SOabM8W4PGvAofeAKC1Px//ajnH\nSk6pB+7B4REo3gvcW3cPAgA2btt3KqjXjYyexMZt+woYrRmrgV1V/09Vr7d5TcqYKwHz6buB0ZGJ\nj42O1B6nytm6exBXbPgZzl03gCs2/OxUEG5FWOD+98f3AgDeHB4J+rHQx8uAM/aqcyVgHjqQ7HHy\nVtwMO6mwAP3Ou6PYunsQ53R1BD4f9ngZMLBXnSsBs3NusscpMZuz4CzZTo1EBeiN2/Zh7TWL0NHe\nNuHxjvY2rL1mUUv3ywMDu6uS5MWjXutKwFx2F9De9B9ge0ftcUrN9iw4S7ZTI1EB+s3hEaxc0o31\nH78Y3V0dEADdXR1Y//GLS7twChTUBIxSqufF6ymUel4cmFwlEvfaZXdNfB4oZ8Csvy9WxWQiahZc\ntgB2TlcHBgOCeKupkZVLutH/k70YHhkNvebKJd2l+z1E4YzdRUny4nGvXbwKuOFeoHMeAKn9ecO9\n5QyYi1cBX3sZ6B+u/VnGMTrKpQVC26mRsG8lZU+3ROGMvUxM67ST5MVNXrt4FYNkxdmeBWepPnO2\nsWGouUa97oyZ7fjmDRc6NUtvxMBeFknSK51zx8sTMfnxoMdMX0uVtfaaRZMCXJlnrLZSI0EpKACY\nOW2qs0EdqGoqpowbcpKkV5IsJHLRkQy4uEBYl6aax6UUVBLVm7EnmRnnKUl6JclCIhcdyVArs+Ci\ne6iYbvcPG6dLKagkRDX/flw9PT1a2NF491wUkpqYV1uQK0pZx0UUIig/3dHelutM/4oNPwsMzN1d\nHXh+3dWx4wRQ+HtIQkR2qmpP3Ouql4op64YcpkzIMWXooWKSSokr5XQ1BRWleqmYsi4mupAyYXdF\nalCG/LRJKiVunK7VqJuo3oy9zDPjMtdpu9IsjHJThh4qJjXtZRhn3qoX2F3akFMmrjQLI+vCqk7S\nbhSy0ZvGJJXiYq+XtKqXigG4IacVZV2boExFVZ0AwIz2Kaee6+poR/+NZpt6bB5eEZdKsbmhyRXV\nDOyUXFnXJihTYQuP/T/Zi2MnxiY8d+yE+Vn2efem8TGPHqV6qRhqTZnXJigzYQuPwyOjqSpiyrDw\n6jMGdp9kuaM27dpEGXf7UqykC4ymgTnsugqUuhe8KxjYkyprgMqjaqXVqh1W1DgrbOHxjJntga83\n/SAIum5dmXvBu4KBPYkyB6gyV62Yjq2sH5oVFlZ18s0bLkxVadJ43SAjoydxy8MvcfbeIi6eJhEV\noIqusilz1YrJ2Mraw4ciFx7TVJrUr3vuugGENTZJUy1TZQzsSZQ5eKatWslyV6nJ2Mr8oUmBbFWa\nhO0erSvrSU5lxlRMEmU+HzRN1UpQiunRfwG+da6ddIjJ2Mr8oUmZisq31+VRLePKYd4mGNiTKHPJ\nX5qqlaDZMgCM/NXOGoLJ2Mr8oUmZisu3A9lv/3fpMG8T1Wvbm1bejbDyuF9/FxCa5UQ+rYObc+xA\n7UOT7R4qpahWwCbtf8vAtG0vc+xJ5dmOIK8FxbAceF0e6RAXultS5ora/u/bhqlqBfYks98ytKjN\na0Fx2V2TZ8uN8kqHsIcPwc6ibNKTnXw7Sak6OfYkNeiBi4mrgf7OfOur81pQrOfAO86c/FxZ1hCI\nDLWSL/etA2R1cuxJjp4Le21dK7nfVr4BFHFcXhm+qVCuij631LawfHmbCMZUQ9+jC78H5tibJZn9\nxs2Ik6RD9mwBnvhGrcLk1PUNc+VBKZKgGbTNYMx0SKWkaZ9bD4SDwyNoE8FJVXR3deCq82fjmVeH\nCguQYXnxk+OT2LD36FMHyOqkYpKU05nklIOCf/OW+J/+Wy0wNwb1OpPt/iZlgmVuc0Cl1+q5pY3p\nDmBi0HzghdcLLRs0yYvnfTZr3lIHdhGZJyLPiMjvRGSviKyxMTDrktSgB722WXPwDwqwO+4LX5AE\nzHLlcY23ytwjhkqv1WqQoA+EMHkHUZMNT0DtQ8eHzUhBbKRiTgC4VVV3icj7AOwUkSdV9XcWrm1P\nknK6Ca99A4BgQp130AdC4CafmPULG9Um3LEZjusFsTo72jE8Mjrp8bhZb9IywLDXZ5HXbi6ZnDKe\nJgrS+K2i8Wddlzqwq+pBAAfH//lvIvIKgG4A5QrsQLL8ceNrTQJEK4H0A8vDnzMNSjzZKBibisXa\nunsQR46fmPR4+xSJrQaJ6+8S9Pqg+9s6Hq9ZY748aNNTs+Z+NC4spEaxmmMXkQUAlgB4MeC51SKy\nQ0R2DA0N2bxt9kz6kIcGUgm/7h+2Bz+eJG9e5jYHRWKKKtbGbfswenLyTPa0GVNjg5hpugOo/Rcw\nODwyKeXRan4/qebWw2Hq3yp8aC9gLbCLyGkAfgTgFlU93Py8qm5W1R5V7Zk9e7at27YuqPd3mn7g\nYQG25wvhPxM2y08SlFrtEeN773OmqGKFHnv37uTUTLPm/i5tUguZ3V0duOny+aceb0xiNgfIPHd7\nrlzSjefXXY0/bugN7UlT/1YRdc6rK6yUO4pIO2pB/UFVfdTGNTMV9DX9sS8BqsDY6HuPJfnqHpXD\n/8P2ZOmSpEEpaYliFdIUTFHFSrLbMiw1EVYLXr9u8/eBxpRHUbs9116zaFJqRgBcdX5twhl1zuvW\n3YNOpGRsVMUIgP8G8Iqqfjf9kHIQNCM+efy9oF43OgL8+Ivms9nFq2rBvHNuLQg/fXftZ6PSJUEz\nZ9PSzFZn3VVIUzBFFct0t6VpaqK5BDJMPXAWtdtz5ZJu/PM/dk9IyyiAH+0cxNbdg5EfLK6USNpI\nxVwB4LMArhaRl8b/9zEL181Okq/jetK8LjwsNw4Ep0tef6HWqqD59R9YHh+U0tSvZ52mKEOaJ+3h\n2yVno3d42LF3zTNS01y4aQlkPXCa3j9OK7+LZ14dCv02EfXB4kpTsOq0FGgU1zIgiMk2/iQtAPZs\nqQX1sJLIet+WkXeCq2LStBvIslUB2+9mLu/WtmFH1wmAP27ojX1dI9vjDKt46epoR/+NF4beJ+49\nLbl7O94JWGsouo2vaUuB6uw8bRT0Nb1tGjAl+OR1AGazWdOzPe+5qHZCUdR/BiN/BU6MAB/fHFyJ\nk2bWnWWaogppnoLlVU1SnwmH/b+0OWURlxtvE7H+4RP2LWF4ZDSykiVsrPXH0x7WXbRqBvbmr+kd\nZwLTTpucY29ksugWlxvfswXY+q/m3xaiAmKaE4eyTFOwGiVzeVSTmOTL64uNdVElkB3tbfjPVR80\n6j+TJK0S9Z6jPuzi8vu20kRFqU4TsGb1SpKg1EEz09lsXNOuJ74R/eERJCwgmjYIC9NKJQ03TJVC\n2moSk803JvnyZ16duB+lccdnc2Mwkw0+rWxYitsoFRb4TQ70cLkpWDVn7I3CzvuUNiSezcbNhIOa\ngcUJC4hh9wLsL1xyw1SppKkmMa1wMZn9B71m5ZJurL1mEbq7OjCWIKgDraWY1l6zKHLTUdSHXWNt\n+/PrrnY2iAep7oy9LmxGrGO1naZJtdr2tuNM4NjfJs7o4wJi872yqk9PcpITj7jLXJrj46KCZ+PP\nm7QMsN0moJUU08ol3bjl4ZdCnz9y7ATOXTfgZFuANBjY80wddJwZPGvvOBP4xh/TN60yDcBJ72Nz\nwxQbc1nRaprANHgGbeJpFPYNwfSDI0irKabuiA+heoMzHxt9RWEqJqxC5vgR+3XY132rdu3me133\nrdo/m/SkiWJalZO0/j3NQm0j9o4vXFw1SF3z4mFXRzvOmNkeu5AY9sER1CumWasppqCfC0rPFN2D\n3cbeA1OcsTenDjrOqKVE6jNrm9vtF6+qbUra+T+1jU/SBiz5rL0Za9i3j44zxmvXDwAypXbvRnEn\nQqVdqK3L63BuChU0Ew8Lnq18K4hK4cTNmltNMQX9XNgYitpglGUnyyDV3KAUxeXNO0HXb5s2sQdO\nKIleU7CRQunvQnDtfsy9yaosW9KatMjNY5NP2LmnRW0wsjUe/848zSs3m2UddtYz1qCFy+NHzKpx\n4tIqNs5CZSlkKWRZxtdc8hjE1qw56gMqyTeTPOTZyRJwJceeZ27WVj45SB6bd5rz9CPvxP9MXuWI\nLIWshHoZYVx73DTiyjbLtsHIdG3DFjcCe57b1LMMPll+aCS956nnc2yO5XljLpooy+6NJjXvZapT\nz7uTpRupmDy3qWdZh21rETLpPcOajYU1J8sy5WUjpUNOSFNvHyfv1EZaWf4ugrgR2PPOzWYVfIrY\nvLN41XjDsQDNH4xVOICDcpVVPr+oQzrSyLNFgRuBvYiZblaKmLF2zjP7YGQ5IjnCdHG0eYH1qvNn\n45lXh5w9pNqUGzl25mbTMV03YGdGcoTJ4mjQAusDL7zu9CHVptyYsQPMzaZhmgJiOSI5JC61YdKh\n0rTdgWvcCeyUjskHo08pL6o804XUsi64puFGKobywZQXecR0IbXMC66t4oydJmLKizwR16EScOu4\nuyTcn7HXzxC13YmRiJwWtMB60+XzS7MbNUtuz9hZd01EEVw+3i4NtwM7666JvGbSiTLLbpWucjuw\ns+6ayFsmPczz7nPuCrdz7EU01XId1yTIESaNvlo5ALsK3A7sbAObDI+mI4eYNPpyrRlYXtwO7Ky7\nTibP9sdEKZn0MM+7z7kr3A7sQPoDoKuEaxLkEJMe5nn3OXeF24unlAx7wZBDTHqYB73mqvNnY+O2\nffjawy9VtkqGh1lXSdaHaRMVLOgw7Y72Nm82IpkeZu1+KobMcU2CPMcqmRorqRgRuRbAJgBtAH6o\nqhtsXJcywF4w5DFWydSknrGLSBuAHwC4DsAFAD4tIhekvS4RUVKskqmxkYq5FMBrqrpfVY8DeAjA\nCgvXJSJKhFUyNTYCezeAxlKLA+OPTSAiq0Vkh4jsGBoasnBbIqKJTI7Mq4Lcyh1VdTOAzUCtKiav\n+xJRtVS1o2MjGzP2QQDzGv4+d/wxIiIqgI0Z+68BfEBEzkUtoH8KwGcsXJeISoBtcd2TOrCr6gkR\n+TKAbaiVO96nqntTj4yICse2uG6yskFJVf9XVc9T1X9Q1f+wcU0iKh43/LiJO0+JKBQ3/LiJgZ2I\nQnHDj5sY2IkoFDf8uIlte4kolEnrXCofBnYiisQNP+5hKoaIyDMM7EREnmFgJyLyDAM7EZFnGNiJ\niDzDwO6CPVuAey4C+rtqf+7ZUvSIiKjEWO5Ydnu2AI9/FRgd38J96I3a3wGeXUpEgThjL7un734v\nqNeNjtQeJyIKwMBedocOJHuciCqPgb3sOucme5yIKo+BveyW3QW0N3XSa++oPU5EFICBvewWrwJu\nuBfonAdAan/ecC8XTokoFKtiXLB4FQM5ERnjjJ2IyDMM7EREnmFgJyLyDAM7EZFnGNiJiDzDwE5E\n5BkGdiIizzCwExF5hoGdiMgzDOxERJ5hYCci8gwDOxGRZ1IFdhHZKCKvisgeEfmxiHTZGhgREbUm\n7Yz9SQAXqepiAL8H0Jd+SERElEaqwK6q21X1xPhfXwDAY32IiApmM8f+BQBPWLweERG1IPagDRF5\nCsDZAU/doaqPjb/mDgAnADwYcZ3VAFYDwPz581saLBERxYsN7Kr60ajnReTzAK4HsExVNeI6mwFs\nBoCenp7Q1xERUTppq2KuBXAbgBtV9V07QyKqhoH9A1j+yHIsvn8xlj+yHAP7B4oeEnki7Zmn3wcw\nHcCTIgIAL6jqF1OPishzA/sH0P/Lfhw9eRQAcPDIQfT/sh8A0Luwt8CRkQ9SBXZVfb+tgRBVyYZf\nbTgV1OuOnjyKTbs2MbBTatx5SpSzgf0DGD42HPjcW0feynk05CMGdqKcbdq1KfS5s2cFFaARJcPA\nTpSzqFn5mkvW5DgS8hUDO1HOwmblndM6mV8nKxjYqRBVLvVbc8kazGibMeGxGW0z0HdZfKulKv/e\nyJxE7CnKTE9Pj+7YsSP3+1I5NJf6AbXA1v/h/srMWAf2D2DTrk1468hbOHvW2VhzyZrY9x70e2uf\n0o6ZU2fi8PHDxtchd4nITlXtiX0dAzvlbfkjy3HwyMFJj8+ZNQfbP7G9gBG5Iez31qhqH5BVYxrY\nmYqh3IUtHrLUL5rJ76deC0/VxsBOuQtbPLRV6udrHtr098MPSGJgp9yFLR7aKPWr56EPHjkIhZ7a\nqu9DcA/6vQVhLTwxsFPuehf2ov/D/Zgzaw4Egjmz5ljLC2/atSl0q75teX8zaP69dU3vwlSZ3BXk\n4JGDkePx9RsNvYeLp+SVxfcvhmLy/6cFgj2f22PtPmWp7KlX1wQtqgaNx9a4W6nqofS4eEqlleWM\nMYv8fdB4k3wzyPL99i7sxfZPbMecWXMmPRc0HhvfaHxOd/mCgZ1ylXVQsJ2/DxtvWNlh88JlXkHQ\ntNLIRkVSnukuak3afuxEiUQFBRtf5evXsJUmCBvvFJmCMR2b9PrmbwY2329z+uPKuVfi2QPP4q0j\nb0FEEJRWbR7P2bPODvxQSvKNhuWq5cfATrnKIyj0Luy1lu8NG9eYjmFG24xJuermbwZR7zdJnjro\nYI6H9z186vmgoB40njWXrAnMsSf5RmPjw4GyxVQM5SrrGnbbwsZVr+SJq+wJbfg1vTNRiiZo5h9k\nikyJHI+NiqQsy1XJDlbFUK5sVpPkUZmRdrxhPz+9bToOHT806fVhbRXCqn2a2a7+CcOqmGKwVwyV\nlo2gkGdDrLTjDfr5vuf6QgP1hqUbJl3fpE8MwH47vmNgJ6+53hAravym9ecmP0d+YR07ec31hlhR\n7QGCxh2UG//kok9msnuX3MeqGHJSWGVGs7KW4NUD8Lrn1gU+HzRum9U+vqv6GgBn7OQkHxpi9S7s\nDdwxCgCnTzs959H4gztjGdjJUSYNsVwowVtzyZrARl6Hjh/C0oeWBgYjNvGKxp2xXDwlj7j69Xvp\nQ0sxfGw48LnmBdGyNB8rs7wawRXBdPGUOXbyhqs56EPHJtez1zW3H8i6JYMPuDOWqRiiwsUFnMaF\nVPZpicedsQzsRIWLWwhuDPxJWjJUNRef5UEurmAqhqhg9YCz/sX1k9oMNM80TZt4BTUN6/9l/4T7\n+czVtJwtnLETlUDvwl70XdaHzmmdpx7rmt41aaZpOhtlZUi1ccZOVAJB1S5HTwS3DzCZjTIXX21W\nZuwicquIqIicZeN6RFVje4btWntksit1YBeReQCWA3g9/XCIqsn2DJuVIdVmY8Z+D4DbAINm0UQU\nyPYMm5Uh1ZYqxy4iKwAMqupvRMTSkIiyU9bdqTaOrGtmkosv6++D0okN7CLyFICgacMdAG5HLQ0T\nS0RWA1gNAPPnz08wRCI7BvYP4M7n78To2CiAWgngnc/fCaD4EkDbh3CbqHpJpM9a7hUjIhcDeBrA\nu+MPzQXwJoBLVTUyMcheMVSEsJ4sXdO78NynnsttHGWZJYcd9sFTmMor814xqvpbAH/XcMM/AehR\n1b+0ek2iLIU12gp7PAtpZ8k2PxRYEukvblAi7xSxld70nmnKGm33GWdJpL+sBXZVXcDZOhUtKvg1\n7upsFPZ4mnuue24dLr7/4klBPs0s2XatO0si/cUZO3klKvj1XdY36VCLqTIVfZf1Wb9nXfOsOs0s\n2XbqhCWR/mJLAfJKVPDLqvIkLrAePXkU655bh027NuHKuVfisdcea6msMYs+41VvluUrBnbySlzw\nyyKQmR6sffDIQTz22mNY8f4VePbAs4k/XKJq3ctSaUPlwMBOXslio08r9wxz9ORRPHvg2cTlhPXA\nffTkUUyRKRjTMcyZNefU+2I9OjViYCevFLHRp/GeJjP3pDnx5hLJMR079WHVu7AXyx9ZzuPyaAIe\nZk1kWX12HRbkk24AittI5PPhzTSR6QYlVsUQWda7sBfbP7EdG5ZusFJOGFcNw3p0asbATpQRW+WE\ncYGb9ejUjDl2ogzZqMKJWxAuYl2Byo2BnbzTSulfnuWCSe9lErhZj06NuHhKXgk6O3RG24zIFEgr\nP5Pn+NLci7N4v3DxlCqplX4qtnuw2B5fK8L61yx9aGkuTdGoWEzFkFda6adi+jONM+DTp50OEcGh\nY4cSzYZN7mVjph3Wv2b42DA3L1UAZ+zklVZK/0x+pnkGfOj4IQwfG07cPjfuXrZa80Z9kB09eRS3\n/+L2XNsaU74Y2MkrrZT+mfxMVAdHwDydEncvW6mauBr2MR2z0tOdyomBnbzSSu24yc+YtAEweU3c\nvWy15g36AAmT1XoCFYc5dvJOK6V/cT9j0sHRdKdn1L1steatX3/9i+tx6Pih2NfzODy/cMZOZCBu\nBmxrp6fNXaS9C3vRd1nfhBOiBBL4WrYf8Atn7EQRGitUOqd3YnrbdBw+frjlqpg4NneRBtXMt0kb\nRASjY6OnHmP7Af8wsBOFaA6Mw8eGMaNtBtYvXZ95G2Ab1w9aiD2hJ9DZ3omZ7TO5ccljDOxEIaIq\nVFwIhGF588PHD+MXn/5FzqOhPDHHThTC9uHReWM73+piYCcK4XpgZDvf6mJgJwrhemC01Q+e3MMc\nO1EIH/qcs51vNTGwE0VgYCQXMRVDROQZBnYiIs8wsBMReYaBnYjIMwzsRI4a2D+A5Y8s54EZNEnq\nwC4iXxGRV0Vkr4h828agiCiarZOWyE+pAruIXAVgBYAPquqFAL5jZVREFWYyE8/zAG5yT9o69psB\nbFDVYwCgqm+nHxJRdTV3lKzPxAEYnejkSh8bylbaVMx5AJaKyIsi8nMR+ZCNQRFVlelM3PU+NpSt\n2MAuIk+JyMsB/1uB2oz/TACXA1gLYIuIBB7RIiKrRWSHiOwYGhqy+iaIbCl6QdJ0Ju56HxvKVmwq\nRlU/GvaciNwM4FFVVQC/EpExAGcBmBS5VXUzgM0A0NPToy2PmCgjpmmQLJmeeepDHxvKTtoc+1YA\nVwF4RkTOAzANwF9Sj4qoAGU4WGPNJWsmHWcXNhNnHxsKkzaw3wfgPhF5GcBxAJ8bn70TOacMC5Kc\niZMNqQK7qh4HcJOlsRAVyjQNkjXOxCkt7jwlGscFSfIF+7ETjWMahHzBwE7UgGkQ8gFTMUREnmFg\nJyLyDAM7EZFnGNiJiDzDwE5E5BkpYqOoiAwB+LPhy89CddsUVPW9V/V9A9V971V930Cy9/73qjo7\n7kWFBPYkRGSHqvYUPY4iVPW9V/V9A9V971V930A2752pGCIizzCwExF5xoXAvrnoARSoqu+9qu8b\nqO57r+r7BjJ476XPsRMRUTIuzNiJiCgBZwK7iHxFRF4Vkb0i8u2ix5M3EblVRFREzip6LHkQkY3j\n/773iMiPRaSr6DFlSUSuFZF9IvKaiKwrejx5EZF5IvKMiPxu/L/tSvVIFpE2EdktIj+1eV0nAruI\nXAVgBYAPquqFAL5T8JByJSLzACwH8HrRY8nRkwAuUtXFAH4PoK/g8WRGRNoA/ADAdQAuAPBpEbmg\n2FHl5gSAW1X1AgCXA/hShd47AKwB8IrtizoR2AHcDGCDqh4DAFV9u+Dx5O0eALcBqMyCiKpuV9UT\n4399AcDcIseTsUsBvKaq+8dPJXsItYmM91T1oKruGv/nv6EW5LqLHVU+RGQugF4AP7R9bVcC+3kA\nlorIiyLycxH5UNEDyouIrAAwqKq/KXosBfoCgCeKHkSGugG80fD3A6hIcGskIgsALAHwYrEjyc33\nUJuwjdm+cGkO2hCRpwAEHS55B2rjPBO1r2ofArBFRBb6cnB2zHu/HbU0jHei3reqPjb+mjtQ+7r+\nYJ5jo3yJyGkAfgTgFlU9XPR4siYi1wN4W1V3ishHbF+/NIFdVT8a9pyI3Azg0fFA/isRGUOtv8JQ\nXuPLUth7F5GLAZwL4DciAtTSEbtE5FJVfSvHIWYi6t85AIjI5wFcD2CZLx/iIQYBzGv4+9zxxypB\nRNpRC+oPquqjRY8nJ1cAuFFEPgZgBoDTReQBVb3JxsWdqGMXkS8COEdV7xKR8wA8DWC+5/+xTyIi\nfwLQo6reN0sSkWsBfBfAP6mqFx/gYURkKmoLxMtQC+i/BvAZVd1b6MByILUZy/0A/qqqtxQ9niKM\nz9i/rqrX27qmKzn2+wAsFJGXUVtY+lzVgnoFfR/A+wA8KSIvich/FT2grIwvEn8ZwDbUFg+3VCGo\nj7sCwGcBXD3+7/ml8VkspeDEjJ2IiMy5MmMnIiJDDOxERJ5hYCci8gwDOxGRZxjYiYg8w8BOROQZ\nBnYiIs8wsBMReeb/AS/K2ZZ6lBe5AAAAAElFTkSuQmCC\n",
      "text/plain": [
       "<matplotlib.figure.Figure at 0x109550fd0>"
      ]
     },
     "metadata": {},
     "output_type": "display_data"
    }
   ],
   "source": [
    "plt.plot(pointsA[:, 0], pointsA[:, 1], 'o')\n",
    "plt.plot(pointsB[:, 0], pointsB[:, 1], 'o')\n",
    "plt.plot(pointsC[:, 0], pointsC[:, 1], 'o')\n",
    "plt.show()"
   ]
  },
  {
   "cell_type": "code",
   "execution_count": 29,
   "metadata": {
    "collapsed": true
   },
   "outputs": [],
   "source": [
    "def compute_vec(X):\n",
    "    wx_1 = np.random.rand()\n",
    "    wy_1 = np.random.rand()\n",
    "    wx_2 = np.random.rand()\n",
    "    wy_2 = np.random.rand()\n",
    "    wx_3 = np.random.rand()\n",
    "    wy_3 = np.random.rand()\n",
    "    wb_1 = np.random.rand()\n",
    "    wb_2 = np.random.rand()\n",
    "    wb_3 = np.random.rand()\n",
    "    \n",
    "    W = np.array([\n",
    "        [wx_1, wy_1],\n",
    "        [wx_2, wy_2],\n",
    "        [wx_3, wy_3]\n",
    "    ])\n",
    "    b = [wb_1, wb_2, wb_3]\n",
    "    \n",
    "    return np.dot(X, W.T) + b"
   ]
  },
  {
   "cell_type": "code",
   "execution_count": 30,
   "metadata": {
    "collapsed": true
   },
   "outputs": [],
   "source": [
    "def prob(X, param):\n",
    "    wx_1 = param['wx_1']\n",
    "    wy_1 = param['wy_1']\n",
    "    wx_2 = param['wx_2']\n",
    "    wy_2 = param['wy_2']\n",
    "    wx_3 = param['wx_3']\n",
    "    wy_3 = param['wy_3']\n",
    "    wb_1 = param['wb_1']\n",
    "    wb_2 = param['wb_2']\n",
    "    wb_3 = param['wb_3']\n",
    "    \n",
    "    W = np.array([\n",
    "        [wx_1, wy_1],\n",
    "        [wx_2, wy_2],\n",
    "        [wx_3, wy_3]\n",
    "    ])\n",
    "    b = [wb_1, wb_2, wb_3]\n",
    "    \n",
    "    return softmax_vec(np.dot(X, W.T) + b)"
   ]
  },
  {
   "cell_type": "code",
   "execution_count": 39,
   "metadata": {
    "collapsed": true
   },
   "outputs": [],
   "source": [
    "param = {}\n",
    "param['wx_1'] = np.random.rand()\n",
    "param['wy_1'] = np.random.rand()\n",
    "param['wx_2'] = np.random.rand()\n",
    "param['wy_2'] = np.random.rand()\n",
    "param['wx_3'] = np.random.rand()\n",
    "param['wy_3'] = np.random.rand()\n",
    "param['wb_1'] = np.random.rand()\n",
    "param['wb_2'] = np.random.rand()\n",
    "param['wb_3'] = np.random.rand()"
   ]
  },
  {
   "cell_type": "code",
   "execution_count": 40,
   "metadata": {},
   "outputs": [
    {
     "data": {
      "text/plain": [
       "array([[ 0.25660257,  0.13903783,  0.60435961],\n",
       "       [ 0.45508142,  0.13650128,  0.4084173 ],\n",
       "       [ 0.3634823 ,  0.16146126,  0.47505644],\n",
       "       [ 0.26566568,  0.08442778,  0.64990654],\n",
       "       [ 0.27319704,  0.09627759,  0.63052537],\n",
       "       [ 0.47337015,  0.16061279,  0.36601707],\n",
       "       [ 0.54008003,  0.05916654,  0.40075343],\n",
       "       [ 0.31181869,  0.08836261,  0.5998187 ],\n",
       "       [ 0.25894454,  0.11884475,  0.62221071],\n",
       "       [ 0.29763562,  0.11470979,  0.58765459],\n",
       "       [ 0.57487743,  0.07572944,  0.34939313],\n",
       "       [ 0.48475925,  0.04904792,  0.46619282],\n",
       "       [ 0.52192223,  0.11721942,  0.36085835],\n",
       "       [ 0.20567158,  0.18434605,  0.60998237],\n",
       "       [ 0.50684385,  0.04330634,  0.44984981],\n",
       "       [ 0.44448532,  0.13411546,  0.42139922],\n",
       "       [ 0.52967025,  0.04108737,  0.42924239],\n",
       "       [ 0.76547306,  0.05692177,  0.17760517],\n",
       "       [ 0.50799665,  0.08326901,  0.40873434],\n",
       "       [ 0.5944545 ,  0.12294433,  0.28260117],\n",
       "       [ 0.58544109,  0.16928721,  0.2452717 ],\n",
       "       [ 0.18476254,  0.16706146,  0.648176  ],\n",
       "       [ 0.34226824,  0.08759465,  0.57013711],\n",
       "       [ 0.31664801,  0.11347448,  0.5698775 ],\n",
       "       [ 0.34581771,  0.07101189,  0.5831704 ],\n",
       "       [ 0.39494378,  0.15762323,  0.44743299],\n",
       "       [ 0.43307485,  0.11570914,  0.45121601],\n",
       "       [ 0.34747891,  0.13673071,  0.51579038],\n",
       "       [ 0.53460262,  0.08128428,  0.38411309],\n",
       "       [ 0.29284022,  0.12015328,  0.5870065 ],\n",
       "       [ 0.14829976,  0.17307744,  0.67862281],\n",
       "       [ 0.19069962,  0.13180963,  0.67749075],\n",
       "       [ 0.66569245,  0.08146036,  0.25284719],\n",
       "       [ 0.21055889,  0.30283124,  0.48660986],\n",
       "       [ 0.52813212,  0.12033271,  0.35153517],\n",
       "       [ 0.45151725,  0.12890629,  0.41957646],\n",
       "       [ 0.46604593,  0.15806713,  0.37588694],\n",
       "       [ 0.67926771,  0.06772796,  0.25300433],\n",
       "       [ 0.48300197,  0.05763219,  0.45936584],\n",
       "       [ 0.14072444,  0.07945099,  0.77982457],\n",
       "       [ 0.50398074,  0.11554838,  0.38047088],\n",
       "       [ 0.25016942,  0.08643703,  0.66339355],\n",
       "       [ 0.49611187,  0.03890639,  0.46498174],\n",
       "       [ 0.57022968,  0.13623991,  0.2935304 ],\n",
       "       [ 0.37315497,  0.0874968 ,  0.53934823],\n",
       "       [ 0.49433334,  0.14585727,  0.35980939],\n",
       "       [ 0.61109946,  0.04824012,  0.34066042],\n",
       "       [ 0.20115364,  0.13754036,  0.661306  ],\n",
       "       [ 0.49771661,  0.17518715,  0.32709623],\n",
       "       [ 0.63803848,  0.08234284,  0.27961868],\n",
       "       [ 0.86593315,  0.12567674,  0.00839011],\n",
       "       [ 0.76009422,  0.20730696,  0.03259882],\n",
       "       [ 0.86645552,  0.11479767,  0.01874681],\n",
       "       [ 0.88995156,  0.09596363,  0.01408481],\n",
       "       [ 0.82922175,  0.15323677,  0.01754148],\n",
       "       [ 0.9472976 ,  0.04377237,  0.00893003],\n",
       "       [ 0.8395892 ,  0.14484163,  0.01556917],\n",
       "       [ 0.90717374,  0.08731173,  0.00551453],\n",
       "       [ 0.7911327 ,  0.18186496,  0.02700234],\n",
       "       [ 0.70808557,  0.24694377,  0.04497067],\n",
       "       [ 0.76921418,  0.1968383 ,  0.03394752],\n",
       "       [ 0.88105851,  0.10780985,  0.01113164],\n",
       "       [ 0.77723052,  0.18157344,  0.04119604],\n",
       "       [ 0.82800201,  0.15034189,  0.0216561 ],\n",
       "       [ 0.814009  ,  0.17939119,  0.00659981],\n",
       "       [ 0.85502936,  0.12861904,  0.0163516 ],\n",
       "       [ 0.73825441,  0.22676165,  0.03498394],\n",
       "       [ 0.91204877,  0.06687212,  0.02107911],\n",
       "       [ 0.94387202,  0.04486633,  0.01126165],\n",
       "       [ 0.8573539 ,  0.13368137,  0.00896473],\n",
       "       [ 0.84132308,  0.14285666,  0.01582026],\n",
       "       [ 0.81045643,  0.17845571,  0.01108786],\n",
       "       [ 0.88113532,  0.10860017,  0.01026451],\n",
       "       [ 0.73011363,  0.20658392,  0.06330245],\n",
       "       [ 0.88313775,  0.09348861,  0.02337364],\n",
       "       [ 0.82885242,  0.15555074,  0.01559684],\n",
       "       [ 0.73526404,  0.25539313,  0.00934283],\n",
       "       [ 0.78315709,  0.16840154,  0.04844137],\n",
       "       [ 0.90999076,  0.07540459,  0.01460465],\n",
       "       [ 0.86669075,  0.09160076,  0.04170849],\n",
       "       [ 0.90121702,  0.09166891,  0.00711406],\n",
       "       [ 0.87186074,  0.12083261,  0.00730665],\n",
       "       [ 0.8842944 ,  0.08323743,  0.03246818],\n",
       "       [ 0.84310556,  0.14788808,  0.00900636],\n",
       "       [ 0.88630348,  0.10251602,  0.0111805 ],\n",
       "       [ 0.62661739,  0.32758587,  0.04579674],\n",
       "       [ 0.89574056,  0.09648495,  0.00777449],\n",
       "       [ 0.82992718,  0.14198454,  0.02808828],\n",
       "       [ 0.92211507,  0.07129913,  0.0065858 ],\n",
       "       [ 0.86765558,  0.11975442,  0.01259   ],\n",
       "       [ 0.95157085,  0.0448839 ,  0.00354526],\n",
       "       [ 0.84737489,  0.1401818 ,  0.0124433 ],\n",
       "       [ 0.7721169 ,  0.14474681,  0.08313629],\n",
       "       [ 0.94820828,  0.03984104,  0.01195067],\n",
       "       [ 0.88564249,  0.0922464 ,  0.02211111],\n",
       "       [ 0.94591329,  0.04653431,  0.0075524 ],\n",
       "       [ 0.40951501,  0.54850356,  0.04198143],\n",
       "       [ 0.78751417,  0.19453167,  0.01795417],\n",
       "       [ 0.82164333,  0.16248226,  0.0158744 ],\n",
       "       [ 0.9286581 ,  0.04308194,  0.02825997],\n",
       "       [ 0.07321046,  0.78528855,  0.14150099],\n",
       "       [ 0.03572949,  0.83683683,  0.12743368],\n",
       "       [ 0.05372009,  0.60305   ,  0.3432299 ],\n",
       "       [ 0.02281171,  0.59808697,  0.37910131],\n",
       "       [ 0.00855433,  0.87081795,  0.12062771],\n",
       "       [ 0.052822  ,  0.66669455,  0.28048346],\n",
       "       [ 0.13342903,  0.75810434,  0.10846663],\n",
       "       [ 0.02536926,  0.76052301,  0.21410773],\n",
       "       [ 0.0303731 ,  0.76932976,  0.20029714],\n",
       "       [ 0.07916706,  0.71261037,  0.20822257],\n",
       "       [ 0.02046498,  0.67535219,  0.30418283],\n",
       "       [ 0.02950502,  0.73093358,  0.23956141],\n",
       "       [ 0.05961092,  0.66373887,  0.27665021],\n",
       "       [ 0.03859637,  0.81365714,  0.1477465 ],\n",
       "       [ 0.08141513,  0.69203173,  0.22655315],\n",
       "       [ 0.10149748,  0.60640896,  0.29209356],\n",
       "       [ 0.02881814,  0.76326164,  0.20792022],\n",
       "       [ 0.02113926,  0.70721832,  0.27164242],\n",
       "       [ 0.01132235,  0.68906529,  0.29961237],\n",
       "       [ 0.07115588,  0.56909417,  0.35974995],\n",
       "       [ 0.01599354,  0.74358328,  0.24042318],\n",
       "       [ 0.0765846 ,  0.79011154,  0.13330386],\n",
       "       [ 0.0176514 ,  0.33693091,  0.64541769],\n",
       "       [ 0.07657532,  0.57994266,  0.34348202],\n",
       "       [ 0.01447887,  0.67927197,  0.30624916],\n",
       "       [ 0.0249374 ,  0.68615231,  0.28891028],\n",
       "       [ 0.10172783,  0.79435805,  0.10391412],\n",
       "       [ 0.05223743,  0.53795204,  0.40981053],\n",
       "       [ 0.0399308 ,  0.8132694 ,  0.1467998 ],\n",
       "       [ 0.03567948,  0.69244317,  0.27187736],\n",
       "       [ 0.10226001,  0.74279939,  0.1549406 ],\n",
       "       [ 0.05853087,  0.57601826,  0.36545087],\n",
       "       [ 0.01859611,  0.76506187,  0.21634202],\n",
       "       [ 0.03189022,  0.61783263,  0.35027715],\n",
       "       [ 0.0456157 ,  0.67584338,  0.27854092],\n",
       "       [ 0.01376753,  0.67476406,  0.31146842],\n",
       "       [ 0.01883683,  0.81878514,  0.16237803],\n",
       "       [ 0.00762127,  0.78801915,  0.20435957],\n",
       "       [ 0.04395496,  0.66980692,  0.28623812],\n",
       "       [ 0.10749087,  0.593119  ,  0.29939013],\n",
       "       [ 0.05655777,  0.61903223,  0.32441   ],\n",
       "       [ 0.00774571,  0.74973851,  0.24251579],\n",
       "       [ 0.01849429,  0.80966288,  0.17184283],\n",
       "       [ 0.02394502,  0.85755944,  0.11849554],\n",
       "       [ 0.04092351,  0.64133445,  0.31774204],\n",
       "       [ 0.02249927,  0.83311758,  0.14438316],\n",
       "       [ 0.01576479,  0.83459803,  0.14963719],\n",
       "       [ 0.04283692,  0.4724043 ,  0.48475877],\n",
       "       [ 0.06922187,  0.67217617,  0.25860195],\n",
       "       [ 0.01253529,  0.66285088,  0.32461383]])"
      ]
     },
     "execution_count": 40,
     "metadata": {},
     "output_type": "execute_result"
    }
   ],
   "source": [
    "prob(points, param)"
   ]
  },
  {
   "cell_type": "code",
   "execution_count": 41,
   "metadata": {},
   "outputs": [
    {
     "data": {
      "text/plain": [
       "array([[-1.36022682, -1.97300925, -0.50358588],\n",
       "       [-0.78727894, -1.99142128, -0.89546583],\n",
       "       [-1.01202467, -1.82349004, -0.74432167],\n",
       "       [-1.3255166 , -2.47185874, -0.43092672],\n",
       "       [-1.29756198, -2.34051968, -0.46120189],\n",
       "       [-0.74787764, -1.82875887, -1.00507531],\n",
       "       [-0.61603795, -2.82739918, -0.91440892],\n",
       "       [-1.16533338, -2.42630638, -0.51112783],\n",
       "       [-1.35114136, -2.12993728, -0.47447648],\n",
       "       [-1.2118853 , -2.16534991, -0.53161593],\n",
       "       [-0.55359842, -2.58058828, -1.05155755],\n",
       "       [-0.72410289, -3.0149574 , -0.76315595],\n",
       "       [-0.65023668, -2.14370775, -1.01926977],\n",
       "       [-1.58147465, -1.6909406 , -0.49432522],\n",
       "       [-0.67955231, -3.1394563 , -0.7988415 ],\n",
       "       [-0.81083825, -2.00905417, -0.86417464],\n",
       "       [-0.63550064, -3.19205453, -0.84573352],\n",
       "       [-0.26726125, -2.86607749, -1.72819233],\n",
       "       [-0.67728043, -2.48567879, -0.89468988],\n",
       "       [-0.5201111 , -2.0960236 , -1.26371868],\n",
       "       [-0.53538971, -1.77615852, -1.40538872],\n",
       "       [-1.68868387, -1.7893935 , -0.43359301],\n",
       "       [-1.07216053, -2.43503532, -0.5618784 ],\n",
       "       [-1.14996449, -2.17617727, -0.56233385],\n",
       "       [-1.06184349, -2.64490792, -0.53927586],\n",
       "       [-0.92901185, -1.84754774, -0.80422849],\n",
       "       [-0.8368447 , -2.15667567, -0.79580909],\n",
       "       [-1.05705129, -1.98974191, -0.66205484],\n",
       "       [-0.62623157, -2.5098026 , -0.95681826],\n",
       "       [-1.22812814, -2.11898703, -0.53271939],\n",
       "       [-1.90851967, -1.75401617, -0.38768982],\n",
       "       [-1.65705574, -2.02639662, -0.38935938],\n",
       "       [-0.4069275 , -2.50763871, -1.37496997],\n",
       "       [-1.55798988, -1.19457959, -0.72029258],\n",
       "       [-0.6384088 , -2.11749479, -1.04544552],\n",
       "       [-0.79514169, -2.0486696 , -0.86850951],\n",
       "       [-0.76347108, -1.84473549, -0.97846687],\n",
       "       [-0.38673996, -2.69225618, -1.37434868],\n",
       "       [-0.72773455, -2.85367405, -0.77790834],\n",
       "       [-1.96095166, -2.53261489, -0.24868629],\n",
       "       [-0.68521722, -2.15806596, -0.96634564],\n",
       "       [-1.38561691, -2.44833908, -0.41038688],\n",
       "       [-0.70095384, -3.24659679, -0.76575713],\n",
       "       [-0.56171605, -1.99333787, -1.22577406],\n",
       "       [-0.98576148, -2.43615305, -0.61739385],\n",
       "       [-0.70454522, -1.92512672, -1.02218085],\n",
       "       [-0.49249555, -3.03156422, -1.07686914],\n",
       "       [-1.60368627, -1.9838379 , -0.41353861],\n",
       "       [-0.69772441, -1.74190042, -1.11750087],\n",
       "       [-0.44935669, -2.49686372, -1.27432846],\n",
       "       [-0.14394757, -2.07404219, -4.78070183],\n",
       "       [-0.27431288, -1.57355468, -3.42347924],\n",
       "       [-0.1433445 , -2.16458409, -3.97673173],\n",
       "       [-0.11658824, -2.34378599, -4.26265869],\n",
       "       [-0.18726767, -1.87577106, -4.0431869 ],\n",
       "       [-0.05414198, -3.12875241, -4.71833588],\n",
       "       [-0.17484256, -1.93211433, -4.16246254],\n",
       "       [-0.09742129, -2.43827041, -5.20036942],\n",
       "       [-0.23428956, -1.70449086, -3.61183167],\n",
       "       [-0.34519034, -1.39859464, -3.10174481],\n",
       "       [-0.26238584, -1.62537269, -3.38293944],\n",
       "       [-0.12663124, -2.22738626, -4.49796398],\n",
       "       [-0.2520183 , -1.70609507, -3.18941309],\n",
       "       [-0.1887397 , -1.89484334, -3.83246796],\n",
       "       [-0.20578385, -1.71818643, -5.02071513],\n",
       "       [-0.15661947, -2.0509004 , -4.11342969],\n",
       "       [-0.30346678, -1.48385581, -3.35286629],\n",
       "       [-0.09206181, -2.70497311, -3.85947295],\n",
       "       [-0.05776469, -3.1040676 , -4.4863525 ],\n",
       "       [-0.15390449, -2.01229616, -4.71445711],\n",
       "       [-0.17277954, -1.9459135 , -4.14646397],\n",
       "       [-0.2101577 , -1.72341482, -4.50190414],\n",
       "       [-0.12654406, -2.22008229, -4.57906327],\n",
       "       [-0.3145551 , -1.57704857, -2.75983121],\n",
       "       [-0.12427409, -2.36991565, -3.75614643],\n",
       "       [-0.18771316, -1.86078331, -4.16068699],\n",
       "       [-0.3075256 , -1.36495123, -4.67314636],\n",
       "       [-0.24442197, -1.78140405, -3.02740106],\n",
       "       [-0.09432083, -2.58488713, -4.22641536],\n",
       "       [-0.14307306, -2.39031567, -3.17705056],\n",
       "       [-0.10400918, -2.38957195, -4.94568165],\n",
       "       [-0.13712557, -2.1133491 , -4.91897013],\n",
       "       [-0.12296524, -2.48605819, -3.42749487],\n",
       "       [-0.17066311, -1.91129954, -4.70982398],\n",
       "       [-0.12069585, -2.27773619, -4.4935845 ],\n",
       "       [-0.46741915, -1.11600506, -3.08354234],\n",
       "       [-0.11010446, -2.33836822, -4.85690753],\n",
       "       [-0.18641732, -1.95203711, -3.57240273],\n",
       "       [-0.08108526, -2.64087122, -5.0228391 ],\n",
       "       [-0.14196044, -2.12231216, -4.37485205],\n",
       "       [-0.04964114, -3.10367621, -5.64214497],\n",
       "       [-0.16561207, -1.9648151 , -4.3865726 ],\n",
       "       [-0.25861932, -1.93276921, -2.48727393],\n",
       "       [-0.05318109, -3.22285766, -4.42696752],\n",
       "       [-0.12144192, -2.38329202, -3.81167516],\n",
       "       [-0.05560437, -3.06756543, -4.88588994],\n",
       "       [-0.89278172, -0.60056151, -3.17052792],\n",
       "       [-0.23887392, -1.63716032, -4.01993312],\n",
       "       [-0.19644888, -1.81718645, -4.14304725],\n",
       "       [-0.07401464, -3.14465147, -3.5663091 ],\n",
       "       [-2.61441692, -0.24170405, -1.9554486 ],\n",
       "       [-3.33177892, -0.17812617, -2.06015922],\n",
       "       [-2.92396816, -0.50575516, -1.06935478],\n",
       "       [-3.78048114, -0.5140191 , -0.96995179],\n",
       "       [-4.76131728, -0.13832233, -2.11504623],\n",
       "       [-2.94082758, -0.40542329, -1.27124054],\n",
       "       [-2.01418553, -0.27693425, -2.22131275],\n",
       "       [-3.67421715, -0.27374891, -1.54127597],\n",
       "       [-3.49419805, -0.26223558, -1.6079533 ],\n",
       "       [-2.53619498, -0.33882047, -1.56914774],\n",
       "       [-3.88904013, -0.39252097, -1.19012633],\n",
       "       [-3.52319493, -0.31343269, -1.4289455 ],\n",
       "       [-2.81991655, -0.40986648, -1.28500134],\n",
       "       [-3.25459714, -0.20621621, -1.91225734],\n",
       "       [-2.5081942 , -0.36812348, -1.48477571],\n",
       "       [-2.2877213 , -0.50020067, -1.23068113],\n",
       "       [-3.5467504 , -0.27015439, -1.57060082],\n",
       "       [-3.85662316, -0.34641587, -1.30326871],\n",
       "       [-4.480977  , -0.37241926, -1.20526575],\n",
       "       [-2.64288231, -0.56370936, -1.02234607],\n",
       "       [-4.13557068, -0.2962745 , -1.42535466],\n",
       "       [-2.56935924, -0.23558115, -2.01512411],\n",
       "       [-4.03694   , -1.08787739, -0.43785759],\n",
       "       [-2.5694804 , -0.54482605, -1.06862051],\n",
       "       [-4.23506525, -0.38673368, -1.18335625],\n",
       "       [-3.6913864 , -0.37665564, -1.24163908],\n",
       "       [-2.28545434, -0.23022097, -2.26419054],\n",
       "       [-2.95195593, -0.61998587, -0.89206036],\n",
       "       [-3.2206073 , -0.20669286, -1.91868553],\n",
       "       [-3.33317967, -0.36752911, -1.30240421],\n",
       "       [-2.2802366 , -0.29732927, -1.86471348],\n",
       "       [-2.83820096, -0.55161592, -1.00662343],\n",
       "       [-3.98480288, -0.26779857, -1.5308947 ],\n",
       "       [-3.44545593, -0.48153769, -1.04903057],\n",
       "       [-3.0875034 , -0.39179392, -1.27819028],\n",
       "       [-4.2854426 , -0.39339219, -1.16645734],\n",
       "       [-3.97194151, -0.19993357, -1.81782814],\n",
       "       [-4.8768116 , -0.23823289, -1.58787422],\n",
       "       [-3.12458981, -0.40076579, -1.25093122],\n",
       "       [-2.23034938, -0.52236022, -1.20600778],\n",
       "       [-2.87249268, -0.47959794, -1.12574712],\n",
       "       [-4.86061641, -0.28803079, -1.41668848],\n",
       "       [-3.99029339, -0.21113731, -1.76117501],\n",
       "       [-3.73199502, -0.15366478, -2.13287996],\n",
       "       [-3.19605053, -0.4442042 , -1.14651541],\n",
       "       [-3.79427259, -0.1825805 , -1.9352847 ],\n",
       "       [-4.1499766 , -0.18080508, -1.89954166],\n",
       "       [-3.15035484, -0.74992008, -0.72410389],\n",
       "       [-2.67043837, -0.39723481, -1.35246526],\n",
       "       [-4.37920721, -0.41120523, -1.12511903]])"
      ]
     },
     "execution_count": 41,
     "metadata": {},
     "output_type": "execute_result"
    }
   ],
   "source": [
    "np.log(prob(points, param))"
   ]
  },
  {
   "cell_type": "code",
   "execution_count": 42,
   "metadata": {},
   "outputs": [
    {
     "data": {
      "text/plain": [
       "array([[-1.36022682, -0.        , -0.        ],\n",
       "       [-0.78727894, -0.        , -0.        ],\n",
       "       [-1.01202467, -0.        , -0.        ],\n",
       "       [-1.3255166 , -0.        , -0.        ],\n",
       "       [-1.29756198, -0.        , -0.        ],\n",
       "       [-0.74787764, -0.        , -0.        ],\n",
       "       [-0.61603795, -0.        , -0.        ],\n",
       "       [-1.16533338, -0.        , -0.        ],\n",
       "       [-1.35114136, -0.        , -0.        ],\n",
       "       [-1.2118853 , -0.        , -0.        ],\n",
       "       [-0.55359842, -0.        , -0.        ],\n",
       "       [-0.72410289, -0.        , -0.        ],\n",
       "       [-0.65023668, -0.        , -0.        ],\n",
       "       [-1.58147465, -0.        , -0.        ],\n",
       "       [-0.67955231, -0.        , -0.        ],\n",
       "       [-0.81083825, -0.        , -0.        ],\n",
       "       [-0.63550064, -0.        , -0.        ],\n",
       "       [-0.26726125, -0.        , -0.        ],\n",
       "       [-0.67728043, -0.        , -0.        ],\n",
       "       [-0.5201111 , -0.        , -0.        ],\n",
       "       [-0.53538971, -0.        , -0.        ],\n",
       "       [-1.68868387, -0.        , -0.        ],\n",
       "       [-1.07216053, -0.        , -0.        ],\n",
       "       [-1.14996449, -0.        , -0.        ],\n",
       "       [-1.06184349, -0.        , -0.        ],\n",
       "       [-0.92901185, -0.        , -0.        ],\n",
       "       [-0.8368447 , -0.        , -0.        ],\n",
       "       [-1.05705129, -0.        , -0.        ],\n",
       "       [-0.62623157, -0.        , -0.        ],\n",
       "       [-1.22812814, -0.        , -0.        ],\n",
       "       [-1.90851967, -0.        , -0.        ],\n",
       "       [-1.65705574, -0.        , -0.        ],\n",
       "       [-0.4069275 , -0.        , -0.        ],\n",
       "       [-1.55798988, -0.        , -0.        ],\n",
       "       [-0.6384088 , -0.        , -0.        ],\n",
       "       [-0.79514169, -0.        , -0.        ],\n",
       "       [-0.76347108, -0.        , -0.        ],\n",
       "       [-0.38673996, -0.        , -0.        ],\n",
       "       [-0.72773455, -0.        , -0.        ],\n",
       "       [-1.96095166, -0.        , -0.        ],\n",
       "       [-0.68521722, -0.        , -0.        ],\n",
       "       [-1.38561691, -0.        , -0.        ],\n",
       "       [-0.70095384, -0.        , -0.        ],\n",
       "       [-0.56171605, -0.        , -0.        ],\n",
       "       [-0.98576148, -0.        , -0.        ],\n",
       "       [-0.70454522, -0.        , -0.        ],\n",
       "       [-0.49249555, -0.        , -0.        ],\n",
       "       [-1.60368627, -0.        , -0.        ],\n",
       "       [-0.69772441, -0.        , -0.        ],\n",
       "       [-0.44935669, -0.        , -0.        ],\n",
       "       [-0.        , -2.07404219, -0.        ],\n",
       "       [-0.        , -1.57355468, -0.        ],\n",
       "       [-0.        , -2.16458409, -0.        ],\n",
       "       [-0.        , -2.34378599, -0.        ],\n",
       "       [-0.        , -1.87577106, -0.        ],\n",
       "       [-0.        , -3.12875241, -0.        ],\n",
       "       [-0.        , -1.93211433, -0.        ],\n",
       "       [-0.        , -2.43827041, -0.        ],\n",
       "       [-0.        , -1.70449086, -0.        ],\n",
       "       [-0.        , -1.39859464, -0.        ],\n",
       "       [-0.        , -1.62537269, -0.        ],\n",
       "       [-0.        , -2.22738626, -0.        ],\n",
       "       [-0.        , -1.70609507, -0.        ],\n",
       "       [-0.        , -1.89484334, -0.        ],\n",
       "       [-0.        , -1.71818643, -0.        ],\n",
       "       [-0.        , -2.0509004 , -0.        ],\n",
       "       [-0.        , -1.48385581, -0.        ],\n",
       "       [-0.        , -2.70497311, -0.        ],\n",
       "       [-0.        , -3.1040676 , -0.        ],\n",
       "       [-0.        , -2.01229616, -0.        ],\n",
       "       [-0.        , -1.9459135 , -0.        ],\n",
       "       [-0.        , -1.72341482, -0.        ],\n",
       "       [-0.        , -2.22008229, -0.        ],\n",
       "       [-0.        , -1.57704857, -0.        ],\n",
       "       [-0.        , -2.36991565, -0.        ],\n",
       "       [-0.        , -1.86078331, -0.        ],\n",
       "       [-0.        , -1.36495123, -0.        ],\n",
       "       [-0.        , -1.78140405, -0.        ],\n",
